Webots Project File version R2020a
perspectives: 000000ff00000000fd000000030000000000000320000003b6fc0100000004fc00000000ffffffff0000000000fffffffc0200000001fb00000012005300630065006e0065005400720065006500000000000000039f0000000000000000fb0000001e00480074006d006c0052006f0062006f007400570069006e0064006f00770000000000000003200000000000000000fb0000001e00480074006d006c0052006f0062006f007400570069006e0064006f00770000000000000003200000000000000000fb0000001a0044006f00630075006d0065006e0074006100740069006f006e0000000000ffffffff0000006900ffffff00000001000002c400000273fc0200000001fb0000001400540065007800740045006400690074006f0072010000001a000002730000008700ffffff000000030000078000000141fc0100000001fb0000000e0043006f006e0073006f006c00650100000000000007800000006900ffffff000004ba0000027300000004000000040000000100000008fc00000000
simulationViewPerspectives: 000000ff000000010000000200000164000000510100000002010000000101
sceneTreePerspectives: 000000ff000000010000000200000244000000fa0100000002010000000201
maximizedDockId: -1
centralWidgetVisible: 1
selectionDisabled: 0
viewpointLocked: 0
orthographicViewHeight: 1
textFiles: 0 "../../../../../Robotics software/Webots/Webots/projects/robots/softbank/nao/controllers/nao_demo/nao_demo.c"
renderingDevicePerspectives: NAO:CameraBottom;1;0.266667;0;0
renderingDevicePerspectives: NAO:CameraTop;1;0.266667;0;0
